[VRAY_DEPTH_CALC]
min = 49.26335906982422
max = 99.99996948242188

